340,406	-48,10677
340,786	-48,10677
341,167	-48,10677
341,547	32,18909
341,927	-3,80561
342,307	-25,91731
342,688	-100,76863
343,068	18,33224
343,448	95,84222
343,828	23,87908
344,208	134,48814
344,588	92,92508
344,968	-14,84757
345,348	-75,63094
345,728	70,76829
346,108	43,11082
346,487	-111,57337
346,867	-3,79266
347,247	-89,38166
347,627	-25,82413
348,006	-31,33816
348,386	-3,78616
348,765	-97,43301
349,145	40,26894
349,524	51,24023
349,904	15,47324
350,283	34,73331
350,663	59,46145
351,042	23,72257
351,421	62,19668
351,801	-47,72988
352,18	-34,02005
352,559	-130,12124
352,938	-28,49398
353,317	23,71645
353,696	18,19823
354,075	23,71033
354,454	37,37953
354,833	42,93912
355,212	42,90601
355,591	-36,73415
355,97	26,43825
356,348	23,68959
356,727	9,95931
357,106	12,69334
357,485	67,6008
357,863	-14,76308
358,242	152,72209
358,62	1,71567
358,999	64,84062
359,377	-6,5167
359,756	89,5625
360,134	103,27533
360,512	-22,99408
360,891	-75,21194
361,269	-6,51937
361,647	-28,48228
362,025	-64,21875
362,403	59,41246
362,781	108,87126
363,16	4,46475
363,538	86,87305
363,916	-17,50206
364,293	89,60851
364,671	4,46291
365,049	64,8739
365,427	26,44233
365,805	-69,74931
366,183	-17,51465
366,56	-22,99762
366,938	7,21507
367,316	26,42468
367,693	18,21886
368,071	40,16931
368,448	7,20914
368,826	-47,72252
369,203	18,19916
369,58	100,63122
369,958	18,21322
370,335	-47,74707
370,712	56,65195
371,089	51,17158
371,467	48,41291
371,844	89,71007
372,221	23,6969
372,598	64,88723
372,975	29,17085
373,352	128,19319
373,729	-55,93796
374,106	-39,50806
374,483	40,17344
374,859	111,68494
375,236	-91,69676
375,613	-58,69995
375,99	48,40793
376,366	-36,7266
376,743	9,96341
377,119	95,13599
377,496	7,20988
377,872	-20,25424
378,249	95,14579
378,625	62,18066
379,002	-14,75777
379,378	-47,70047
379,754	64,86058
380,131	40,16519
380,507	67,68078
380,883	62,13589
381,259	-42,25318
381,635	56,56488
382,011	40,16725
382,387	-12,00814
382,763	7,21173
383,139	37,42365
383,515	-33,97982
383,891	-69,68117
384,267	97,91133
384,642	62,16146
385,018	-1,02943
385,394	-61,53005
385,77	51,1558
386,145	37,45063
386,521	62,12632
386,896	-3,77486
387,272	34,67251
387,647	-69,67044
388,023	26,43553
388,398	29,17983
388,773	56,60544
389,148	81,40003
389,524	34,65472
389,899	7,21544
390,274	73,21166
390,649	-23,01181
391,024	-53,20756
391,399	-50,43418
391,774	-80,72765
392,149	84,12391
392,524	-25,73634
392,899	-39,45935
393,274	-50,47822
393,649	-31,26209
394,023	18,19729
394,398	34,62987
394,773	15,43982
395,147	-47,71271
395,522	-1,03027
395,897	7,21619
396,271	-61,46036
396,646	23,69325
397,02	12,68814
397,394	51,16895
397,769	45,65552
398,143	12,69074
398,517	9,95419
398,892	26,42061
399,266	78,59375
399,64	64,85725
400,014	-1,02932
400,388	56,68402
400,762	-12,01307
401,136	-39,47556
401,51	-66,93339
401,884	78,57762
402,258	-61,3816
402,632	-44,94474
403,005	-66,92308
403,379	-58,71504
403,753	37,41981
404,126	15,45729
404,5	108,77621
404,874	-1,0299
405,247	-53,16935
405,621	15,44775
405,994	-69,70624
406,367	62,1327
406,741	86,8418
407,114	-39,44924
407,487	29,18733
407,861	12,70116
408,234	-20,24592
408,607	40,14046
408,98	-3,77796
409,353	-9,26794
409,726	15,44537
410,099	-33,98505
410,472	-25,72447
410,845	12,70769
411,218	20,95537
411,591	20,94567
411,964	-47,68335
412,336	1,71558
412,709	-6,5244
413,082	-25,72315
413,454	70,3406
413,827	-69,67401
414,199	31,92043
414,572	78,66652
414,944	-14,77068
415,317	26,42196
415,689	7,21396
416,062	-33,97284
416,434	130,85162
416,806	29,17085
417,178	12,69204
417,55	-80,61162
417,923	42,87302
418,295	-22,99054
418,667	122,59322
419,039	-39,46543
419,411	29,17534
419,783	31,93027
420,155	-130,13461
420,526	114,2255
420,898	45,67195
421,27	-47,69557
421,642	42,91924
422,013	86,91329
422,385	-61,45089
422,757	-72,41793
423,128	51,16895
423,5	1,71646
423,871	-42,24883
424,243	70,34782
424,614	12,69659
424,985	18,18701
425,357	119,71996
425,728	53,89272
426,099	-17,52458
426,47	-12,00814
426,841	-86,13099
427,212	89,68232
427,583	31,89589
427,955	48,3682
428,325	-12,01183
428,696	59,3606
429,067	-39,46948
429,438	-31,22996
429,809	12,7005
430,18	37,39293
430,55	81,28727
430,921	-25,74162
431,292	-1,02901
431,662	53,86784
432,033	103,18546
432,403	-6,52272
432,774	73,0276
433,144	45,62507
433,515	-20,25424
433,885	37,39869
434,255	-33,97982
434,626	23,70056
434,996	-6,52104
435,366	9,94807
435,736	-42,20543
436,106	31,89752
436,476	48,36324
436,846	-119,08579
437,216	95,08709
437,586	48,34839
437,956	-22,99054
438,326	12,69985
438,696	20,9489
439,066	23,68351
439,435	67,64248
439,805	12,7005
440,175	-33,97284
440,544	67,55232
440,914	-33,98505
441,283	53,86784
441,653	119,78138
442,022	15,43191
442,392	92,29588
442,761	-47,68335
443,13	-14,75172
443,499	-53,21303
443,869	-25,73502
444,238	56,61415
444,607	149,84974
444,976	-14,75853
445,345	-44,93092
445,714	84,04191
446,083	92,27223
446,452	78,62605
446,821	62,11038
447,19	-44,95396
447,559	-47,69313
447,927	37,4006
448,296	64,79416
448,665	116,98465
449,033	26,43146
449,402	23,67136
449,771	92,31008
450,139	95,07245
450,508	18,19448
450,876	-28,47498
451,244	-39,4452
451,613	15,4327
451,981	-124,564
452,349	1,71558
452,717	-9,26603
453,086	-14,74643
453,454	26,42196
453,822	29,1529
454,19	-66,93683
454,558	-22,99762
454,926	7,20765
455,294	73,06874
455,662	-20,22726
456,029	86,74837
456,397	-9,25986
456,765	84,02039
457,133	-80,60336
457,5	-22,987
457,868	4,46062
458,236	53,85955
458,603	23,6653
458,971	45,6696
459,338	-1,02943
459,705	-12,00076
460,073	-12,0026
460,44	53,82647
460,807	108,76506
461,175	40,1384
461,542	31,90406
461,909	-53,20756
462,276	48,35581
462,643	-25,73106
463,01	-47,70047
463,377	59,36669
463,744	81,30393
464,111	4,45697
464,478	34,65116
464,845	23,70056
465,212	42,86424
465,578	64,83398
465,945	31,90733
466,312	9,95368
466,678	-6,51636
467,045	-28,4604
467,411	1,71584
467,778	-6,51703
468,144	9,95573
468,511	-42,20111
468,877	34,64939
469,243	75,89685
469,609	7,21247
469,976	31,90079
470,342	103,30183
470,708	-6,52071
471,074	1,71708
471,44	95,00908
471,806	-22,987
472,172	-6,51937
472,538	31,88936
472,904	136,17182
473,27	51,13478
473,636	-116,3194
474,001	42,91042
474,367	-47,70536
474,733	-58,64879
475,098	-75,14243
475,464	-44,92862
475,829	7,20876
476,195	1,71576
476,56	95,11642
476,926	103,19602
477,291	-20,23451
477,657	34,62102
478,022	31,89916
478,387	-53,16663
478,752	59,34843
479,117	42,84013
479,483	-28,48228
479,848	73,05377
480,213	-83,31531
480,578	-88,88304
480,943	89,42512
481,307	-1,02927
481,672	-31,24922
482,037	29,17983
482,402	95,04318
482,767	9,94654
483,131	-28,47352
483,496	-99,9366
483,861	-14,74039
484,225	83,96454
484,59	31,89916
484,954	-28,46477
485,319	73,06874
485,683	-31,19958
486,047	1,71488
486,412	-47,67358
486,776	59,3393
487,14	29,16636
487,504	31,88936
487,868	42,8862
488,232	40,12812
488,596	-42,22494
488,96	-86,09126
489,324	-64,17587
489,688	81,27894
490,052	133,41072
490,416	70,31897
490,78	48,35829
491,143	75,88514
491,507	114,19626
491,871	81,2956
492,234	-6,51403
492,598	-47,69557
492,962	53,84851
493,325	40,12401
493,688	9,94552
494,052	-44,95166
494,415	29,1365
494,779	48,38556
495,142	78,5253
495,505	4,45811
495,868	45,65786
496,231	-3,7708
496,594	-105,19931
496,957	-22,96935
497,32	56,5591
497,683	141,80534
498,046	-3,77099
498,409	-1,02869
498,772	1,71532
499,135	-1,02848
499,498	23,67622
499,86	111,49563
500,223	73,03133
500,586	59,29681
500,948	73,07623
501,311	-22,99172
501,673	64,79747
502,036	1,71409
502,398	7,21062
502,76	-14,74643
503,123	125,2921
503,485	103,26474
503,847	-22,99054
504,209	-9,25891
504,571	45,59006
504,934	37,36614
505,296	78,57359
505,658	12,69399
506,02	31,87631
506,381	97,78059
506,743	141,59462
507,105	97,76555
507,467	42,85985
507,829	73,07998
508,19	59,315
508,552	37,35469
508,914	155,38398
509,275	26,38817
509,637	100,43015
509,998	23,65077
510,36	26,41519
510,721	-61,40046
511,083	37,3566
511,444	-1,02911
511,805	-6,51636
512,166	48,33849
512,527	4,46062
512,889	67,5385
513,25	-25,70473
513,611	127,99552
513,972	23,65077
514,333	4,45994
514,694	-6,51503
515,055	-14,74718
515,415	-58,63978
515,776	20,91133
516,137	-25,70999
516,498	-25,73634
516,858	12,69009
517,219	-42,16223
517,579	64,80079
517,94	-36,66273
518,3	-14,74718
518,661	53,80171
519,021	64,81074
519,382	155,32035
519,742	23,66166
520,102	73,07998
520,462	100,49183
520,823	31,86492
521,183	53,83473
521,543	86,77502
521,903	18,17118
522,263	-66,79652
522,623	75,81894
522,983	45,60638
523,343	-28,44585
523,702	78,56553
524,062	-47,63945
524,422	73,03133
524,782	81,29143
525,141	-20,22312
525,501	125,19574
525,86	45,60638
526,22	-9,25796
526,579	7,19475
526,939	64,7776
527,298	23,6387
527,658	163,45316
528,017	86,70403
528,376	73,0052
528,735	42,81827
529,094	141,55843
529,454	81,2831
529,813	-1,02927
530,172	116,96068
530,531	45,62273
530,89	133,28119
531,249	94,97504
531,607	-50,38772
531,966	1,71356
532,325	119,68317
532,684	97,64065
533,042	12,67388
533,401	86,6996
533,76	9,93536
534,118	149,80375
534,477	146,99749
534,835	37,36041
535,193	40,10349
535,552	31,89426
535,91	29,14246
536,268	-9,25654
536,627	100,43529
536,985	1,71216
537,343	15,41458
537,701	-64,10031
538,059	20,9124
538,417	103,22771
538,775	37,36805
539,133	51,03028
539,491	37,32612
539,849	7,19365
540,207	26,3653
540,564	171,72549
540,922	160,74875
541,28	138,67128
541,637	83,91314
541,995	242,87232
542,352	40,11169
542,71	12,66936
543,067	138,6854
543,425	89,44338
543,782	81,25814
544,139	-42,16223
544,497	9,94501
544,854	188,22642
545,211	-1,0279
545,568	51,08502
545,925	207,3362
546,282	155,13805
546,639	169,02224
546,996	168,91002
547,353	144,20844
547,71	152,4955
548,067	53,77975
548,424	174,39191
548,78	72,90478
549,137	147,08767
549,494	127,85141
549,85	45,5691
550,207	83,97742
550,563	155,13014
550,92	89,43425
551,276	100,45583
551,633	86,6598
551,989	166,31777
552,345	190,92532
552,701	92,12148
553,058	64,74784
553,414	42,84889
553,77	229,11741
554,126	152,40218
554,482	135,94247
554,838	100,48154
555,194	149,68906
555,55	100,44042
555,905	171,55035
556,261	272,96882
556,617	103,1275
556,973	215,62175
557,328	135,99098
557,684	275,91291
558,04	174,35632
558,395	122,3359
558,751	204,6416
559,106	188,04387
559,461	212,61341
559,817	83,93454
560,172	223,50116
560,527	84,00319
560,882	108,53742
561,238	187,87165
561,593	209,81568
561,948	127,89719
562,303	177,02903
562,658	92,13087
563,013	141,44289
563,368	97,58592
563,722	220,84727
564,077	141,32059
564,432	185,17635
564,787	171,57657
565,141	165,97032
565,496	311,17024
565,851	288,89451
566,205	310,7598
566,56	308,2514
566,914	365,83091
567,268	354,44803
567,623	280,78163
567,977	272,33213
568,331	338,50469
568,686	354,62763
569,04	283,49609
569,394	395,35497
569,748	338,28123
570,102	346,56955
570,456	393,10899
570,81	250,65364
571,164	343,61461
571,518	354,39423
571,872	362,7708
572,225	449,98392
572,579	494,06936
572,933	506,99005
573,286	455,47386
573,64	517,91546
573,993	566,90873
574,347	528,4683
574,7	612,88143
575,054	563,31479
575,407	764,72732
575,76	824,02585
576,114	884,55401
576,467	718,272
576,82	866,86303
577,173	859,44865
577,526	910,80542
577,879	934,95611
578,232	858,16769
578,585	851,38499
578,938	1026,96737
579,291	1062,51109
579,644	1139,73872
579,997	1123,16226
580,349	1231,61701
580,702	1338,66196
581,055	1313,44399
581,407	1261,22891
581,76	1544,77807
582,112	1579,17472
582,465	1734,0645
582,817	1696,29563
583,17	1813,42293
583,522	1952,41581
583,874	2036,54185
584,226	2156,24858
584,579	2433,87648
584,931	2440,50041
585,283	2619,53974
585,635	2782,71786
585,987	2966,44375
586,339	2956,61039
586,691	3263,1421
587,042	3160,27523
587,394	3489,18347
587,746	3671,97828
588,098	3685,56221
588,449	3956,04532
588,801	3982,89678
589,153	4206,90249
589,504	4535,38813
589,856	4550,86127
590,207	4367,78464
590,559	4624,30972
590,91	4576,87851
591,261	4853,14073
591,612	4814,31399
591,964	4825,44293
592,315	4903,02726
592,666	4942,49115
593,017	4950,32049
593,368	4854,05113
593,719	4896,474
594,07	5043,9349
594,421	4970,14638
594,772	4970,57164
595,123	4942,29202
595,473	5075,72808
595,824	5011,90379
596,175	4782,43729
596,525	4923,70305
596,876	4792,44906
597,227	4668,13057
597,577	4852,27304
597,927	4692,39102
598,278	4657,23461
598,628	4627,52317
598,979	4729,66164
599,329	4346,25637
599,679	4260,11275
600,029	4190,09823
600,379	4143,82832
600,729	4060,61781
601,079	3761,17691
601,429	3821,3782
601,779	3583,97742
602,129	3531,31115
602,479	3181,0673
602,829	3186,77642
603,179	3128,21013
603,528	2791,87838
603,878	2624,70777
604,228	2556,13192
604,577	2370,1261
604,927	2378,47908
605,276	2213,02999
605,626	1928,93941
605,975	1782,4726
606,324	1641,26842
606,674	1600,20574
607,023	1574,67019
607,372	1449,68224
607,721	1389,55321
608,07	1207,50443
608,419	1092,93767
608,768	1206,07797
609,117	958,99417
609,466	885,27211
609,815	821,11854
610,164	1008,20327
610,513	669,59457
610,862	740,25529
611,21	674,77695
611,559	846,14888
611,907	721,12291
612,256	780,29992
612,605	758,17959
612,953	655,8813
613,301	628,77984
613,65	610,26012
613,998	563,39944
614,346	569,28128
614,695	550,24853
615,043	476,8852
615,391	414,48049
615,739	537,0756
616,087	479,77338
616,435	444,53948
616,783	466,12572
617,131	354,6636
617,479	327,07043
617,827	363,23165
618,174	187,78581
618,522	324,55813
618,87	289,07037
619,217	327,12009
619,565	300,09373
619,912	311,0595
620,26	116,66872
620,607	291,66658
620,955	259,24906
621,302	250,79359
621,649	308,23575
621,997	176,86707
622,344	242,8971
622,691	247,99972
623,038	316,47045
623,385	245,34412
623,732	239,97898
624,079	355,16889
624,426	199,00459
624,773	176,77738
625,12	267,27109
625,467	155,05908
625,813	256,43744
626,16	212,71092
626,507	119,34827
626,853	174,11698
627,2	141,42127
627,547	105,77945
627,893	81,15864
628,239	130,57018
628,586	168,80672
628,932	136,01179
629,278	111,30205
629,625	122,32966
629,971	135,99098
630,317	122,4235
630,663	157,84162
631,009	141,50061
631,355	125,13167
631,701	133,14545
632,047	53,77975
632,393	70,26142
632,739	83,86188
633,084	226,45262
633,43	64,75775
633,776	138,81283
634,121	163,59532
634,467	111,37589
634,812	116,82323
635,158	64,71155
635,503	67,51089
635,849	83,97312
636,194	190,97415
636,539	34,61394
636,885	97,69552
637,23	108,58167
637,575	23,64473
637,92	40,08915
638,265	64,76767
638,61	62,07219
638,955	125,20215
639,3	174,42752
639,645	94,9799
639,99	67,6251
640,335	144,31893
640,679	48,33355
641,024	-14,73437
641,369	29,11568
641,713	-72,29201
642,058	92,16377
642,402	83,94311
642,747	-31,15503
643,091	40,11374
643,435	7,19953
643,78	-31,18523
644,124	-14,74039
644,468	-22,98582
644,812	-97,0025
645,157	51,09025
645,501	75,8034
645,845	177,1826
646,189	56,51004
646,533	15,42008
646,876	-36,68897
647,22	-14,74492
647,564	81,24152
647,908	70,31897
648,252	-28,44875
648,595	34,59804
648,939	45,61572
649,282	84,05052
649,626	53,81821
649,969	138,89095
650,313	70,32618
650,656	15,43191
650,999	117,05671
651,343	73,02386
651,686	72,98656
652,029	15,40672
652,372	-25,70868
652,715	-25,72315
653,058	-14,75172
653,401	-25,72315
653,744	1,71435
654,087	12,6979
654,43	23,63267
654,773	45,63209
655,116	-31,19638
655,458	4,46016
655,801	64,80742
656,144	-33,93459
656,486	31,89916
656,829	70,32978
657,171	15,42008
657,513	-64,06758
657,856	15,4422
658,198	94,95561
658,54	7,20396
658,883	152,69075
659,225	20,91668
659,567	81,20004
659,909	18,19823
660,251	-3,7737
660,593	37,36805
660,935	7,1988
661,277	56,61124
661,619	-53,12313
661,961	-64,14297
662,302	-47,70781
662,644	116,89485
662,986	81,24983
663,327	-55,88925
663,669	-12,0026
664,01	45,6438
664,352	83,93454
664,693	116,94271
665,035	53,82096
665,376	-20,2428
665,717	185,40301
666,059	-86,18409
666,4	-14,75399
666,741	26,39761
667,082	20,92954
667,423	48,36077
667,764	64,78091
668,105	62,01827
668,446	-36,73793
668,787	12,68684
669,127	31,89752
669,468	-75,12317
669,809	188,27459
670,15	12,70638
670,49	31,8812
670,831	-61,33142
671,171	81,25814
671,512	20,89425
671,852	15,4327
672,193	26,41925
672,533	4,45674
672,873	34,62633
673,213	-6,51737
673,554	-17,48235
673,894	-53,18299
674,234	34,64761
674,574	-39,42703
674,914	64,82401
675,254	7,20027
675,594	130,69717
675,933	-28,45603
676,273	53,83749
676,613	42,85108
676,953	-31,19958
677,292	-91,56508
677,632	-44,97937
677,971	75,68729
678,311	-22,9717
678,65	-17,49398
678,99	7,19843
679,329	-25,7192
679,669	83,99889
680,008	-97,0025
680,347	-12,0026
680,686	-64,16599
681,025	40,11785
681,364	29,16935
681,703	119,68317
682,042	-108,07607
682,381	-116,26576
682,72	-75,12317
683,059	-20,24177
683,398	-69,59551
683,737	-72,43653
684,075	-31,20916
684,414	59,37583
684,753	4,45925
685,091	34,63519
685,43	31,88446
685,768	59,3393
686,106	78,50923
686,445	86,75281
686,783	86,76169
687,121	92,23444
687,46	23,65561
687,798	-1,02953
688,136	-31,24119
688,474	34,64406
688,812	86,80616
689,15	-1,02864
689,488	1,71567
689,826	-6,51503
690,163	9,95266
690,501	-36,72095
690,839	42,86643
691,177	15,43508
691,514	29,14992
691,852	-55,89783
692,189	106,01747
692,527	-47,71026
692,864	56,61415
693,202	89,51202
693,539	-36,72095
693,876	-20,2283
694,214	7,20396
694,551	53,84576
694,888	4,45834
695,225	-3,77022
695,562	48,32367
695,899	-113,62396
696,236	18,18981
696,573	-88,8648
696,91	-47,70781
697,247	84,08934
697,583	18,17862
697,92	12,70181
698,257	-58,60681
698,593	-20,24177
698,93	-14,73964
699,266	40,12606
699,603	37,43713
699,939	-3,77466
700,276	37,4352
700,612	12,68424
700,948	-36,68709
701,284	-14,74341
701,621	-64,18246
701,957	48,37812
702,293	-61,43511
702,629	7,20617
702,965	62,00245
703,301	-94,26279
703,637	-36,69273
703,973	-36,69836
704,308	-36,72095
704,644	40,13223
704,98	31,89916
705,315	-42,17086
705,651	84,05914
705,986	-31,24922
706,322	78,54138
706,657	51,12429
706,993	-12,00814
707,328	51,07719
707,663	70,31897
707,999	-50,38772
708,334	7,20433
708,669	31,89752
709,004	-47,70292
709,339	-88,84658
709,674	86,77946
710,009	-9,25986
710,344	-154,67814
710,679	-20,23658
711,014	29,16486
711,349	-25,7271
711,683	42,92145
712,018	-36,70965
712,353	-28,47206
712,687	67,60774
713,022	-25,72842
713,356	-6,52004
713,69	-80,57448
714,025	-36,71718
714,359	70,28657
714,693	-53,18026
715,028	-88,84203
715,362	-80,60749
715,696	84,10661
716,03	40,16519
716,364	86,91776
716,698	119,74451
717,032	67,50744
717,366	78,57359
717,7	106,0066
718,033	20,92632
718,367	-42,12566
718,701	9,94603
719,034	20,90812
719,368	18,1619
719,702	26,40302
720,035	-39,4452
720,369	-47,64675
720,702	34,64228
721,035	-31,18682
721,369	-14,75323
721,702	45,63209
722,035	-53,1939
722,368	-83,34517
722,701	64,85393
723,034	78,53334
723,367	-39,45531
723,7	-6,51403
724,033	37,37953
724,366	67,57308
724,699	15,43666
725,031	31,90897
725,364	-12,0026
725,697	-47,72988
726,029	-22,98582
726,362	1,71479
726,694	12,69009
727,027	73,11374
727,359	84,14121
727,692	73,05751
728,024	-6,51803
728,356	4,45788
728,688	-3,77447
729,021	51,11119
729,353	73,03881
729,685	-83,4136
730,017	53,88166
730,349	18,18049
730,681	62,13909
731,012	34,66183
731,344	20,94782
731,676	119,71996
732,008	-53,14758
732,339	-69,68833
732,671	37,3891
733,003	15,44141
733,334	-14,75626
733,666	86,75725
733,997	12,70442
734,328	37,41789
734,66	111,57004
734,991	45,6438
735,322	31,87794
735,653	9,95164
735,984	18,17304
736,315	-17,49757
736,647	42,85547
736,977	-28,46477
737,308	-1,02948
737,639	7,2047
737,97	81,27062
738,301	-6,51971
738,632	86,81952
738,962	-33,97807
739,293	29,15589
739,623	-28,47644
739,954	-75,15013
740,284	15,43903
740,615	29,17684
740,945	7,20691
741,276	-44,94013
741,606	-149,19065
741,936	92,28642
742,266	62,11994
742,596	-20,24177
742,926	-17,50026
743,256	12,68489
743,586	51,12429
743,916	7,21396
744,246	59,39719
744,576	-3,77312
744,906	4,46016
745,236	7,20138
745,565	89,47081
745,895	-28,47644
746,224	-97,05213
746,554	86,75281
746,883	138,86252
747,213	59,3606
747,542	-121,75947
747,872	-55,94657
748,201	45,61806
748,53	-14,7419
748,859	-77,86939
749,188	-1,0289
749,517	9,9496
749,846	-88,87848
750,175	29,14544
750,504	-20,25424
750,833	23,68351
751,162	59,36974
751,491	20,91454
751,82	18,1749
752,148	4,45925
752,477	4,46154
752,805	-9,25702
753,134	29,17234
753,462	45,6204
753,791	114,23721
754,119	86,74837
754,448	-1,0289
754,776	12,69464
755,104	37,43135
755,432	-50,44711
755,76	4,45834
756,088	34,66005
756,416	42,90381
756,744	48,3806
757,072	45,64145
757,4	31,87957
757,728	-28,46622
758,056	-22,99998
758,383	-105,38806
758,711	4,45834
759,039	1,71584
759,366	67,54195
759,694	111,60445
760,021	-53,18571
760,349	15,44537
760,676	-88,88304
761,003	-50,41609
761,331	20,92203
761,658	-72,40678
761,985	92,33378
762,312	18,19075
762,639	40,09939
762,966	59,30894
763,293	4,46177
763,62	-9,2556
763,947	-3,77254
764,274	-36,7153
764,601	-53,15846
764,927	1,71584
765,254	108,71491
765,581	73,06874
765,907	34,63164
766,234	53,83749
766,56	81,354
766,887	-33,95021
767,213	127,91028
767,539	15,4193
767,866	4,45925
768,192	92,26277
768,518	138,96214
768,844	34,64761
769,17	-36,75305
769,496	-17,49578
769,822	9,95164
770,148	106,03923
770,474	-99,83401
770,8	12,68684
771,125	26,44097
771,451	70,33699
771,777	-3,77389
772,102	-86,1089
772,428	64,82401
772,753	78,6301
773,079	-25,74295
773,404	18,17862
773,73	42,85108
774,055	-22,99644
774,38	20,94998
774,705	-9,26271
775,031	-42,23796
775,356	37,4352
775,681	-55,91501
776,006	-66,89906
776,331	4,45742
776,656	42,8906
776,98	-50,43676
777,305	-3,77215
777,63	45,62975
777,955	53,84576
778,279	15,43349
778,604	-3,77505
778,928	67,58001
779,253	4,45879
779,577	1,71699
779,902	12,70507
780,226	-42,20111
780,55	42,87302
780,875	-39,43712
781,199	-1,02916
781,523	86,71289
781,847	31,89589
782,171	59,35755
782,495	18,17025
782,819	-22,98229
783,143	-17,49936
783,467	-14,74567
783,79	-20,23244
784,114	62,10401
784,438	48,40544
784,761	81,36654
785,085	-14,75247
785,409	-17,50385
785,732	-64,13969
786,055	81,32895
786,379	23,68351
786,702	23,66409
787,025	84,0376
787,349	15,44616
787,672	26,42468
787,995	-50,40835
788,318	-12,00506
788,641	116,88888
788,964	-36,71718
789,287	-20,23762
789,61	70,3406
789,932	1,71409
790,255	12,69855
790,578	-25,69948
790,901	31,89916
791,223	20,91561
791,546	15,45172
791,868	70,33339
792,191	-47,73479
792,513	-20,2283
792,835	-6,51803
793,158	-1,02843
793,48	-28,45894
793,802	138,82702
794,124	53,88719
794,446	114,16704
794,768	4,46291
795,09	-12,00444
795,412	-3,77003
795,734	15,43666
796,056	-23,013
796,378	4,45971
796,7	-83,26849
797,021	-9,25939
797,343	7,20396
797,665	-11,9983
797,986	9,95164
798,308	-33,98156
798,629	9,9496
798,95	-20,248
799,272	53,83749
799,593	-83,34091
799,914	-3,77524
800,235	42,8862
800,556	-17,48771
800,878	103,29122
801,199	-47,70047
801,519	7,20802
801,84	-83,29401
802,161	182,77816
802,482	9,94756
802,803	-86,17966
803,124	95,02856
803,444	108,6593
803,765	-64,19235
804,085	70,36588
804,406	42,88181
804,726	-80,65712
805,047	-105,2908
805,367	-28,48667
805,687	-58,66984
806,008	59,38803
806,328	-97,0273
806,648	-31,19479
806,968	-9,26698
807,288	-80,69442
807,608	-14,75626
807,928	48,3806
808,248	-11,9983
808,568	15,44775
808,887	-58,62179
809,207	7,20802
809,527	31,89426
809,846	-28,45748
810,166	73,05003
810,486	106,0066
810,805	116,9487
811,124	-94,33518
811,444	-157,40174
811,763	23,68229
812,082	-3,77447
812,402	1,71593
812,721	7,20174
813,04	-36,704
813,359	59,34843
813,678	100,54336
813,997	20,92203
814,316	-20,23451
814,635	23,63147
814,953	-77,91734
815,272	20,94782
815,591	-39,45733
815,909	37,3891
816,228	20,92632
816,547	-9,26698
816,865	37,44098
817,183	-3,77447
817,502	75,85396
817,82	48,37812
818,138	-39,46948
818,457	7,20064
818,775	-75,11162
819,093	-50,41609
819,411	-86,10449
819,729	23,69081
820,047	40,13017
820,365	64,8739
820,683	-20,23451
821,001	9,94145
821,318	-6,51703
821,636	40,17964
821,954	-9,25986
822,271	-1,02869
822,589	-22,97523
822,906	-119,00035
823,224	204,08015
823,541	-33,945
823,858	-42,2141
824,176	42,86424
824,493	48,39798
824,81	-36,69648
825,127	37,39869
825,444	152,5969
825,761	-12,00199
826,078	29,16336
826,395	12,68879
826,712	-25,72842
827,029	-83,43504
827,346	70,36226
827,662	-69,64899
827,979	-22,97523
828,296	-102,58122
828,612	-42,15792
828,929	9,94807
829,245	-3,77273
829,562	20,94782
829,878	-47,69802
830,194	75,78787
830,511	-25,72974
830,827	106,09916
831,143	108,79296
831,459	-75,16556
831,775	-9,26746
832,091	-31,21715
832,407	1,71593
832,723	31,89099
833,039	-94,39327
833,354	-39,42501
833,67	48,37068
833,986	4,45811
834,301	-12,01245
834,617	-25,74162
834,932	-119,06135
835,248	-33,97982
835,563	34,66005
835,879	78,60182
836,194	18,20103
836,509	31,89262
836,824	26,40842
837,14	15,43824
837,455	-44,96781
837,77	-36,704
838,085	-31,23798
838,4	-64,1364
838,714	-64,1627
839,029	4,46085
839,344	-69,68475
839,659	31,93192
839,973	-1,02937
840,288	20,93491
840,603	29,14992
840,917	84,08502
841,232	40,11169
841,546	-33,95195
841,86	64,86391
842,175	34,66361
842,489	34,67964
842,803	117,01465
843,117	86,75725
843,431	53,84851
843,745	70,31176
844,059	15,43508
844,373	-9,26081
844,687	4,46222
845,001	48,4154
845,315	103,22243
845,629	-64,18905
845,942	-28,4706
846,256	1,71417
846,569	81,30393
846,883	-64,14297
847,196	31,92043
847,51	15,43508
847,823	-1,02874
848,136	37,39293
848,45	15,44378
848,763	53,86507
849,076	34,65116
849,389	-6,51703
849,702	-6,52205
850,015	64,8739
850,328	-28,48959
850,641	-12,00937
850,954	-9,26698
851,267	75,88904
851,579	45,61806
851,892	12,68554
852,205	37,37761
852,517	-1,0298
852,83	-25,74295
853,142	31,90733
853,454	9,94909
853,767	-66,94715
854,079	37,40252
854,391	34,63519
854,704	-17,49667
855,016	-3,77428
855,328	-9,26841
855,64	84,01608
855,952	-55,93222
856,264	100,51758
856,576	95,03343
856,887	-72,32525
857,199	40,15075
857,511	-69,63114
857,822	-6,51536
858,134	51,10857
858,446	31,91879
858,757	-25,7337
859,069	-20,25008
859,38	9,94399
859,691	-9,26746
860,003	40,12812
860,314	89,58549
860,625	86,86858
860,936	12,68879
861,247	53,86507
861,558	-91,69676
861,869	53,85127
862,18	-14,76536
862,491	-83,38363
862,802	48,40793
863,113	-3,77447
863,423	139,03349
863,734	89,5717
864,045	67,56962
864,355	-91,62611
864,666	-14,75323
864,976	18,17211
865,286	59,36974
865,597	-1,02959
865,907	23,68108
866,217	-47,6809
866,527	-9,25844
866,837	45,64614
867,148	-1,02885
867,458	31,91388
867,768	78,57762
868,077	9,94501
868,387	92,31482
868,697	15,43745
869,007	-110,78395
869,316	31,91879
869,626	73,09123
869,936	-58,63378
870,245	-12,00383
870,555	20,93491
870,864	1,71391
871,173	18,17211
871,483	122,58061
871,792	12,68619
872,101	70,32257
872,41	31,95329
872,72	34,66539
873,029	26,4301
873,338	48,34344
873,647	18,18608
873,955	-99,90064
874,264	70,32978
874,573	40,11785
874,882	-9,26176
875,19	45,63443
875,499	-6,51303
875,808	-42,20111
876,116	29,15589
876,425	86,72175
876,733	20,95213
877,041	40,20033
877,35	4,462
877,658	1,71602
877,966	48,38805
878,274	-61,37845
878,582	106,07735
878,89	64,82733
879,198	103,32835
879,506	62,06901
879,814	7,20654
880,122	56,57935
880,43	34,67251
880,737	-42,20327
881,045	7,20802
881,353	-91,55102
881,66	-1,02943
881,968	75,78399
882,275	136,28364
882,582	-25,73766
882,89	-64,21215
883,197	-108,17046
883,504	75,83449
883,811	-47,71762
884,119	7,2047
884,426	31,90897
884,733	-17,49309
885,04	144,54847
885,346	1,71664
885,653	-14,75702
885,96	51,16369
886,267	-58,76949
886,574	-22,99054
886,88	-22,99644
887,187	1,71628
887,493	-86,12215
887,8	-130,08114
888,106	34,66183
888,412	59,37888
888,719	-44,91712
889,025	4,46039
889,331	20,92096
889,637	-33,97458
889,943	-121,83441
890,249	-88,81928
890,555	-9,26603
890,861	78,52931
891,167	-36,70777
891,473	-66,93339
891,779	-86,06922
892,085	15,43587
892,39	20,93383
892,696	-20,24696
893,001	45,64614
893,307	-6,5157
893,612	-88,84203
893,918	-42,18813
894,223	70,36949
894,528	-6,52104
894,834	7,20285
895,139	-22,99526
895,444	70,32257
895,749	64,85725
896,054	-20,21693
896,359	-53,13127
896,664	45,65786
896,969	-25,74295
897,273	26,40167
897,578	-121,75324
897,883	9,94298
898,187	125,30498
898,492	62,12951
898,796	48,38556
899,101	29,17534
899,405	7,20174
899,71	37,37953
900,014	40,12812
900,318	-1,02943
900,622	-25,75088
900,927	67,61121
901,231	-20,25424
901,535	-53,16391
901,839	-42,19462
902,143	73,10999
902,446	-22,97994
902,75	4,45925
903,054	70,36226
903,358	26,38144
903,661	1,71593
903,965	-94,42238
904,268	81,354
904,572	-44,93322
904,875	-14,75172
905,179	81,26646
905,482	-20,23554
905,785	-17,51015
906,089	-36,71153
906,392	23,703
906,695	94,99449
906,998	-50,43676
907,301	-61,37845
907,604	-20,25424
907,907	103,40811
908,21	23,703
908,512	62,12313
908,815	-20,26257
909,118	-1,0289
909,42	9,95522
909,723	103,19602
910,025	45,63443
910,328	130,67039
910,63	23,66409
910,933	67,64596
911,235	4,46337
911,537	59,36974
911,839	-42,19678
912,141	-72,39193
912,443	-6,52071
912,745	-39,46138
913,047	29,17983
913,349	-44,95396
913,651	4,46177
913,953	4,45742
914,255	12,69985
914,556	45,61806
914,858	-6,5167
915,159	100,5382
915,461	-22,99526
915,762	31,93356
916,064	4,46177
916,365	-12,00137
916,667	81,27062
916,968	62,06901
917,269	-94,30619
917,57	51,15054
917,871	-31,22356
918,172	-28,4706
918,473	105,99574
918,774	29,18133
919,075	-20,26153
919,376	4,462
919,676	-22,99172
919,977	62,09764
920,278	29,16336
920,578	-22,97523
920,879	-33,9711
921,179	-61,46352
921,48	51,15317
921,78	40,11785
922,08	75,80728
922,381	-69,70982
922,681	-17,50655
922,981	18,18235
923,281	51,10857
923,581	37,38336
923,881	-36,72095
924,181	-12,018
924,481	34,66183
924,781	-31,19001
925,081	-102,52869
925,38	23,65319
925,68	-94,38358
925,979	-61,36903
926,279	-33,94847
926,578	34,67251
926,878	-72,34004
927,177	-14,75777
927,477	4,45811
927,776	103,21714
928,075	53,82096
928,374	31,89589
928,673	-14,75247
928,972	-25,74427
929,271	-28,47352
929,57	86,75725
929,869	7,20507
930,168	23,69325
930,467	-3,77621
930,765	70,30456
931,064	-55,96957
931,363	-9,25939
931,661	-61,39417
931,96	-3,7737
932,258	-61,40675
932,556	31,88773
932,855	81,3081
933,153	-33,97284
933,451	-91,62611
933,749	-44,89417
934,048	9,94858
934,346	18,17862
934,644	53,80446
934,942	-36,73226
935,239	-77,8654
935,537	48,35581
935,835	100,61569
936,133	-17,50475
936,43	84,06345
936,728	-6,5117
937,025	-28,47644
937,323	48,34591
937,62	9,94909
937,918	67,61121
938,215	-58,69995
938,512	-1,02874
938,81	-22,98111
939,107	-14,75399
939,404	-28,48667
939,701	7,20839
939,998	-110,81802
940,295	-53,16663
940,592	-25,7271
940,889	95,04805
941,185	95,00908
941,482	-28,47644
941,779	53,88719
942,075	-3,77621
942,372	78,48916
942,668	161,03739
942,965	20,90919
943,261	-110,81802
943,557	7,20433
943,854	-12,02048
944,15	-3,77428
944,446	114,23136
944,742	48,37068
945,038	67,68775
945,334	-44,97706
945,63	-36,70212
945,926	-64,12327
946,222	-6,51703
946,518	-17,50116
946,813	-55,99262
947,109	40,16106
947,405	-44,95858
947,7	34,65472
947,996	4,45742
948,291	-22,987
948,586	-36,73982
948,882	70,4093
949,177	15,45331
949,472	125,20215
949,767	-1,03017
950,062	18,18328
950,357	7,20654
950,652	4,45971
950,947	-6,51636
951,242	18,19448
951,537	12,6992
951,832	122,58061
952,126	31,91061
952,421	-3,77738
952,716	-9,2727
953,01	-22,97994
953,305	48,3682
953,599	20,91668
953,894	40,09529
954,188	-116,28958
954,482	9,95164
954,776	-146,42817
955,07	-97,01738
955,365	-42,19245
955,659	29,17085
955,953	-1,02969
956,246	-58,70297
956,54	-88,80564
956,834	48,40047
957,128	-42,22494
957,422	75,78787
957,715	-36,71341
958,009	42,884
958,302	-12,0143
958,596	-72,34004
958,889	56,59384
959,183	7,20802
959,476	-91,62611
959,769	119,7568
960,062	37,40828
960,355	48,42536
960,649	-3,77641
960,942	34,64939
961,234	106,05556
961,527	-17,50475
961,82	20,92096
962,113	18,19262
962,406	-22,98818
962,698	-20,24384
962,991	-17,49398
963,284	40,0871
963,576	-31,26048
963,869	12,68424
964,161	-44,99557
964,453	26,4614
964,746	34,64583
965,038	9,94654
965,33	-88,89673
965,622	86,83734
965,914	-94,38843
966,206	-22,99408
966,498	-39,4634
966,79	4,45971
967,082	-44,94244
967,374	-72,37338
967,665	-99,86987
967,957	-17,50296
968,249	-88,83293
968,54	95,02856
968,832	1,71593
969,123	-94,35937
969,415	-44,93092
969,706	-6,5157
969,997	-135,48929
970,288	-50,42642
970,58	70,36226
970,871	4,46085
971,162	94,96047
971,453	-3,77563
971,744	-58,68489
972,035	-33,93632
972,325	18,17769
972,616	-80,53742
972,907	62,13589
973,197	29,15738
973,488	-9,26556
973,779	1,71479
974,069	73,09123
974,36	45,62507
974,65	-9,26128
974,94	-1,02916
975,23	31,90897
975,521	-36,70212
975,811	-33,95543
976,101	86,81061
976,391	31,93027
976,681	67,58693
976,971	45,62273
977,261	-12,01739
977,55	-17,48235
977,84	-61,40675
978,13	9,95931
978,419	-66,96092
978,709	-36,70588
978,999	-102,5602
979,288	59,33322
979,577	18,18515
979,867	1,71584
980,156	1,71611
980,445	40,16106
980,734	-80,6654
981,024	-80,67369
981,313	26,4179
981,602	-6,5147
981,891	-31,18682
982,18	-25,74295
982,468	-31,24119
982,757	-28,47644
983,046	-6,51703
983,335	42,86204
983,623	23,69081
983,912	-22,9284
984,2	15,43033
984,489	7,20802
984,777	-14,75399
985,065	-12,00567
985,354	-6,51971
985,642	149,8344
985,93	-91,73926
986,218	67,59387
986,506	9,93739
986,794	106,0066
987,082	-9,26603
987,37	12,69725
987,658	9,95778
987,945	119,83678
988,233	34,65116
988,521	-50,40319
988,808	-61,44142
989,096	-28,48959
989,383	-94,33518
989,671	75,79951
989,958	-94,36421
990,245	-20,2314
990,533	73,12877
990,82	34,63874
991,107	-28,48228
991,394	12,7005
991,681	15,44141
991,968	-3,77292
992,255	-88,78748
992,542	53,85403
992,828	81,2956
993,115	-3,77641
993,402	-146,3982
993,688	-110,83507
993,975	9,94145
994,261	-17,4895
994,548	40,12401
994,834	40,11579
995,121	-97,13178
995,407	-44,96319
995,693	-53,16391
995,979	12,6823
996,265	-69,67759
996,551	20,94136
996,837	-28,44439
997,123	125,09969
997,409	-33,95369
997,695	12,69594
997,981	-83,46508
998,266	-83,31105
998,552	136,32568
998,837	-42,16008
999,123	92,3575
999,408	-23,00826
999,694	31,93684
999,979	45,66255
1000,264	75,78399
1000,55	26,41384
1000,835	103,22243
1001,12	37,40444
1001,405	-1,02906
1001,69	-50,48082
1001,975	122,56801
1002,26	-47,72007
1002,545	64,8506
1002,829	42,884
1003,114	20,94028
1003,399	-94,39812
1003,683	122,44858
1003,968	81,32478
1004,252	18,16375
1004,537	-20,25632
1004,821	-28,45021
1005,106	42,91924
1005,39	29,16935
1005,674	111,53567
1005,958	-61,47301
1006,242	-12,01368
1006,526	-25,74824
1006,81	34,66895
1007,094	53,87613
1007,378	-36,70212
1007,662	-42,19894
1007,945	23,67865
1008,229	20,92525
1008,513	53,82096
1008,796	7,20617
1009,08	-72,3845
1009,363	-1,02974
1009,647	-14,7555
1009,93	-22,987
1010,213	7,20988
1010,496	26,42875
1010,78	-3,77196
1011,063	23,68351
1011,346	-66,99539
1011,629	23,67015
1011,912	-44,9655
1012,195	51,12953
1012,477	-77,86939
1012,76	12,69009
1013,043	20,93061
1013,325	-20,24488
1013,608	-80,59923
1013,89	-58,63378
1014,173	-33,95717
1014,455	15,43824
1014,738	-28,47206
1015,02	78,51726
1015,302	133,49966
1015,584	-64,14626
1015,866	29,16336
1016,149	51,12429
1016,431	59,32108
1016,712	86,84626
1016,994	-17,49219
1017,276	133,2948
1017,558	100,55368
1017,84	56,60544
1018,121	108,77063
1018,403	37,39102
1018,684	70,32618
1018,966	-61,4572
1019,247	-17,50116
1019,529	-55,92361
1019,81	-53,20756
1020,091	-1,02937
1020,372	-66,87507
1020,654	-22,99526
1020,935	70,31536
1021,216	70,37672
1021,497	9,95778
1021,777	-6,52675
1022,058	34,67251
1022,339	78,53736
1022,62	125,33074
1022,9	31,93356
1023,181	31,93356
1023,462	31,93356
